seed,mode,epoch,val_loss,val_acc
100,plain_rnn,1,2.306499719619751,10.05
100,plain_rnn,2,2.303437352180481,10.0
100,plain_rnn,3,2.2932883501052856,12.65
100,plain_rnn,4,2.4144434928894043,14.299999999999999
100,plain_rnn,5,2.19191837310791,13.950000000000001
100,plain_rnn,6,2.4751168489456177,7.449999999999999
100,plain_rnn,7,2.904893159866333,8.55
100,plain_rnn,8,2.4543533325195312,12.85
100,plain_rnn,9,2.6308242082595825,8.649999999999999
100,plain_rnn,10,2.1764917373657227,16.35
100,plain_rnn,11,2.1350302696228027,18.9
100,plain_rnn,12,2.1137828826904297,18.65
100,plain_rnn,13,2.2180657386779785,15.299999999999999
100,plain_rnn,14,2.0424214601516724,21.85
100,plain_rnn,15,2.175795078277588,16.85
100,resnet_rnn,1,2.3141242265701294,10.0
100,resnet_rnn,2,2.3095147609710693,10.0
100,resnet_rnn,3,2.307722568511963,10.0
100,resnet_rnn,4,2.3071770668029785,10.0
100,resnet_rnn,5,2.3055654764175415,10.0
100,resnet_rnn,6,2.3070287704467773,10.7
100,resnet_rnn,7,2.3616863489151,10.0
100,resnet_rnn,8,2.332992196083069,10.0
100,resnet_rnn,9,2.3180079460144043,10.0
100,resnet_rnn,10,2.308274269104004,10.0
100,resnet_rnn,11,2.3093113899230957,10.0
100,resnet_rnn,12,2.316381335258484,10.0
100,resnet_rnn,13,2.313895106315613,10.0
100,resnet_rnn,14,2.304738163948059,10.0
100,resnet_rnn,15,2.3036972284317017,10.0
100,fen_rnn,1,2.3049927949905396,10.0
100,fen_rnn,2,2.294621706008911,11.05
100,fen_rnn,3,2.304630398750305,10.0
100,fen_rnn,4,2.3049354553222656,10.0
100,fen_rnn,5,2.304019808769226,10.0
100,fen_rnn,6,2.3003381490707397,10.15
100,fen_rnn,7,2.313826084136963,10.0
100,fen_rnn,8,2.3036553859710693,10.0
100,fen_rnn,9,2.321714997291565,10.0
100,fen_rnn,10,2.3638943433761597,10.0
100,fen_rnn,11,2.3097211122512817,10.0
100,fen_rnn,12,2.306064009666443,10.0
100,fen_rnn,13,2.304227590560913,10.0
100,fen_rnn,14,2.303238034248352,10.0
100,fen_rnn,15,2.320083498954773,10.0
100,fen_rotational_rnn,1,2.3087379932403564,10.0
100,fen_rotational_rnn,2,2.3047276735305786,10.0
100,fen_rotational_rnn,3,2.3048826456069946,10.0
100,fen_rotational_rnn,4,2.3038716316223145,10.0
100,fen_rotational_rnn,5,2.30319344997406,10.0
100,fen_rotational_rnn,6,2.3101890087127686,10.0
100,fen_rotational_rnn,7,2.309210777282715,10.0
100,fen_rotational_rnn,8,2.3081825971603394,10.05
100,fen_rotational_rnn,9,2.3049066066741943,10.5
100,fen_rotational_rnn,10,2.3029520511627197,10.05
100,fen_rotational_rnn,11,2.302425503730774,10.85
100,fen_rotational_rnn,12,2.2825088500976562,11.600000000000001
100,fen_rotational_rnn,13,2.274210810661316,13.15
100,fen_rotational_rnn,14,2.0695765018463135,21.7
100,fen_rotational_rnn,15,2.3121211528778076,13.05
200,plain_rnn,1,2.3068220615386963,10.0
200,plain_rnn,2,2.296728253364563,10.8
200,plain_rnn,3,2.3110729455947876,10.0
200,plain_rnn,4,2.306848168373108,10.0
200,plain_rnn,5,2.304345726966858,10.0
200,plain_rnn,6,2.31010901927948,10.0
200,plain_rnn,7,2.309812545776367,10.0
200,plain_rnn,8,2.3059362173080444,10.0
200,plain_rnn,9,2.307589888572693,10.15
200,plain_rnn,10,2.3049697875976562,10.0
200,plain_rnn,11,2.3054397106170654,10.0
200,plain_rnn,12,2.303088903427124,10.0
200,plain_rnn,13,2.310835599899292,10.7
200,plain_rnn,14,2.30061411857605,11.200000000000001
200,plain_rnn,15,2.307155132293701,10.0
200,resnet_rnn,1,2.3124797344207764,10.0
200,resnet_rnn,2,2.311155080795288,10.0
200,resnet_rnn,3,2.309476137161255,10.0
200,resnet_rnn,4,2.3070422410964966,10.0
200,resnet_rnn,5,2.304474353790283,10.0
200,resnet_rnn,6,2.309561014175415,10.0
200,resnet_rnn,7,2.3064651489257812,10.0
200,resnet_rnn,8,2.3255752325057983,10.0
200,resnet_rnn,9,2.3141229152679443,10.0
200,resnet_rnn,10,2.3058382272720337,10.0
200,resnet_rnn,11,2.3086493015289307,10.0
200,resnet_rnn,12,2.311810612678528,10.0
200,resnet_rnn,13,2.3081871271133423,10.0
200,resnet_rnn,14,2.3067047595977783,10.0
200,resnet_rnn,15,2.305658459663391,10.0
200,fen_rnn,1,2.3046733140945435,10.0
200,fen_rnn,2,2.305492401123047,10.0
200,fen_rnn,3,2.30434250831604,10.0
200,fen_rnn,4,2.3037917613983154,10.0
200,fen_rnn,5,2.3036030530929565,10.0
200,fen_rnn,6,2.3027578592300415,10.0
200,fen_rnn,7,2.302413582801819,10.0
200,fen_rnn,8,2.3015899658203125,10.0
200,fen_rnn,9,2.2998836040496826,10.8
200,fen_rnn,10,2.6821603775024414,10.0
200,fen_rnn,11,2.3117271661758423,10.0
200,fen_rnn,12,2.3046330213546753,10.0
200,fen_rnn,13,2.3057518005371094,10.0
200,fen_rnn,14,2.3039501905441284,10.0
200,fen_rnn,15,2.3039830923080444,10.0
200,fen_rotational_rnn,1,2.306545376777649,10.0
200,fen_rotational_rnn,2,2.306269884109497,10.0
200,fen_rotational_rnn,3,2.30437970161438,10.0
200,fen_rotational_rnn,4,2.30482816696167,10.0
200,fen_rotational_rnn,5,2.3034160137176514,10.0
200,fen_rotational_rnn,6,2.3045055866241455,10.0
200,fen_rotational_rnn,7,2.3027135133743286,10.0
200,fen_rotational_rnn,8,2.2720786333084106,14.249999999999998
200,fen_rotational_rnn,9,2.207200050354004,15.4
200,fen_rotational_rnn,10,2.462772250175476,14.75
200,fen_rotational_rnn,11,2.18956196308136,15.75
200,fen_rotational_rnn,12,2.106511354446411,18.95
200,fen_rotational_rnn,13,2.1428133249282837,16.35
200,fen_rotational_rnn,14,2.1446971893310547,16.45
200,fen_rotational_rnn,15,5.413543939590454,10.45
