seed,mode,epoch,val_acc,gate,pipe
100,fen_subtractive,1,82.76082587246482,0.3212762420827692,6.096925475380638
100,fen_subtractive,2,83.33637858578477,0.20927954736081036,8.35574921694669
100,fen_subtractive,3,86.22784578841586,0.14018439027396115,9.345816655592484
100,fen_subtractive,4,88.47524209756989,0.10262530026110736,9.912841710177334
100,fen_subtractive,5,90.3435044765211,0.08595710010691122,9.98913504860618
100,fen_subtractive,6,92.29398867166087,0.08258937163786455,10.224579160863703
100,fen_subtractive,7,91.87374383336379,0.061950623989105225,10.318835518576883
100,fen_subtractive,8,92.19349534076375,0.06055378321219574,10.415220043875955
100,fen_subtractive,9,91.67275717156951,0.05705339478498155,10.484359871257436
100,fen_subtractive,10,91.9833729216152,0.05779100192541426,10.532134749672629
100,fen_subtractive,11,90.69523113466106,0.05715877647426995,10.534491105513139
100,fen_subtractive,12,86.47451123698154,0.09132023562084544,10.286369453776967
100,fen_subtractive,13,92.71423350995798,0.045811801302162086,10.644708980213512
100,fen_subtractive,14,92.16608806870089,0.049799630757082596,10.63772491975264
100,fen_subtractive,15,93.51361227845788,0.0434694437479431,10.601184888319535
100,fen_rotational,1,91.33016627078385,0.3702077256007628,6.7234439633109355
100,fen_rotational,2,94.17138680796639,0.32134381613948126,7.741004445336082
100,fen_rotational,3,94.41348437785493,0.28093434599312866,8.463040525263006
100,fen_rotational,4,95.33162799196053,0.2612150419842113,8.799523310227828
100,fen_rotational,5,94.54595285949206,0.24519031901251187,9.057378855618564
100,fen_rotational,6,95.71076192216334,0.23063412647355686,9.25092636455189
100,fen_rotational,7,96.17211766855472,0.22277440333908255,9.35374420339411
100,fen_rotational,8,95.66051525671479,0.22053817524151367,9.44656684181907
100,fen_rotational,9,96.24063584871185,0.2131527547131885,9.540105126120828
100,fen_rotational,10,95.82952676776905,0.2041955515742302,9.609055649150502
100,fen_rotational,11,96.41878311712041,0.20368416539647363,9.68304005536166
100,fen_rotational,12,96.33656130093185,0.19610903344371103,9.69380200992931
100,fen_rotational,13,96.65631280833182,0.19664596088907935,9.683151201768355
100,fen_rotational,14,96.45532614653754,0.1883740479295904,9.68588096445257
100,fen_rotational,15,96.52841220537182,0.18861636316234415,9.743672717701305
100,lstm,1,82.76082587246482,0.0,3.6831638487902554
100,lstm,2,82.76082587246482,0.0,3.5551578348333184
100,lstm,3,82.6923076923077,0.0,3.655376531861045
100,lstm,4,82.75169011511055,0.0,3.4896419048309326
100,lstm,5,82.87502283939338,0.0,3.4207052209160547
100,lstm,6,82.75625799378768,0.0,3.817542791366577
100,lstm,7,82.82934405262196,0.0,3.879436557943171
100,lstm,8,82.66946829892198,0.0,3.9556194218722256
100,lstm,9,88.06413301662708,0.0,3.907126459208402
100,lstm,10,89.85017357938973,0.0,3.7890129522843794
100,lstm,11,91.96966928558378,0.0,3.7780403332276777
100,lstm,12,92.02448382970948,0.0,3.7787877212871206
100,lstm,13,92.54065412022656,0.0,3.7907106442884966
100,lstm,14,92.62744381509226,0.0,3.6585872064937246
100,lstm,15,92.61374017906084,0.0,3.7478903748772363
200,fen_subtractive,1,83.71094463731043,0.25149281322956085,7.079937327991832
200,fen_subtractive,2,85.12241914854741,0.13130973008545962,9.172729795629328
200,fen_subtractive,3,85.47414580668737,0.09656700220975009,9.6873855157332
200,fen_subtractive,4,87.50685181801572,0.10556080395525153,9.523962497711182
200,fen_subtractive,5,90.33893659784397,0.05409953658553687,10.280098004774613
200,fen_subtractive,6,91.37127717887813,0.047307544303211296,10.413606036793102
200,fen_subtractive,7,91.06066142883245,0.04663853144103831,10.396412025798451
200,fen_subtractive,8,91.54942444728668,0.039985224096612496,10.519724715839732
200,fen_subtractive,9,90.75461355746391,0.03966962004249746,10.405740564519709
200,fen_subtractive,10,91.62251050612096,0.03755682994696227,10.584126515821977
200,fen_subtractive,11,91.53115293257811,0.03905151818286289,10.586234526200728
200,fen_subtractive,12,92.61374017906084,0.03320217792960731,10.644205136732621
200,fen_subtractive,13,90.88708203910105,0.06356280821968209,10.56157450242476
200,fen_subtractive,14,92.98373835190937,0.034318419342691246,10.722327102314342
200,fen_subtractive,15,93.65521651744929,0.0376933581111106,10.675431078130549
200,fen_rotational,1,83.11712040928192,0.2513927234844728,7.553599812767723
200,fen_rotational,2,91.50374566051525,0.18366993489590558,8.888247966766357
200,fen_rotational,3,92.66855472318655,0.15130713107911023,9.332949118180709
200,fen_rotational,4,94.10286862780924,0.12581186639991673,9.74751650203358
200,fen_rotational,5,93.83793166453499,0.11268732899969275,9.9633770422502
200,fen_rotational,6,94.66014982642062,0.10911300134929744,10.047428911382502
200,fen_rotational,7,95.06212315000914,0.10071030699393967,10.14458790692416
200,fen_rotational,8,94.84286497350631,0.09196017580953511,10.248131188479336
200,fen_rotational,9,95.55088616846336,0.09044328670610081,10.244398680600254
200,fen_rotational,10,95.74273707290334,0.08531909571452574,10.285480585965244
200,fen_rotational,11,95.89804494792618,0.08520568229935387,10.320117126811635
200,fen_rotational,12,95.69705828613192,0.0863724107092077,10.274217995730313
200,fen_rotational,13,95.7061940434862,0.07746873321858319,10.36840226433494
200,fen_rotational,14,95.48693586698337,0.07566774738105861,10.38584076274525
200,fen_rotational,15,96.10359948839758,0.0742080428383567,10.40359913219105
200,lstm,1,82.76082587246482,0.0,3.8865836425261064
200,lstm,2,82.76082587246482,0.0,3.971213622526689
200,lstm,3,82.71971496437055,0.0,3.858981804414229
200,lstm,4,82.82020829526769,0.0,3.693460778756575
200,lstm,5,82.82020829526769,0.0,3.5976302407004614
200,lstm,6,82.88415859674767,0.0,3.894391829317266
200,lstm,7,82.76082587246482,0.0,5.3077076131647285
200,lstm,8,82.76082587246482,0.0,5.226056879216975
200,lstm,9,84.98995066691029,0.0,5.281543016433716
200,lstm,10,88.13265119678422,0.0,5.276357932524248
200,lstm,11,89.37968207564407,0.0,5.174569693478671
200,lstm,12,90.01004933308971,0.0,5.202700528231534
200,lstm,13,90.26585053900969,0.0,5.057239272377708
200,lstm,14,90.22473963091541,0.0,5.008404341610995
200,lstm,15,90.8825141604239,0.0,4.820997454903343
300,fen_subtractive,1,84.10378220354467,0.26790846613320435,7.0889009995893995
300,fen_subtractive,2,85.23661611547597,0.20278321680697528,8.48710229180076
300,fen_subtractive,3,87.37895121505574,0.15568125180222772,9.048758766867898
300,fen_subtractive,4,85.58834277361593,0.07728950001976707,9.986377629366787
300,fen_subtractive,5,89.57153298008404,0.06433830037713051,10.261262156746604
300,fen_subtractive,6,91.97880504293806,0.06065847555344755,10.269088138233531
300,fen_subtractive,7,91.55399232596382,0.0587716129693118,10.334847276861018
300,fen_subtractive,8,92.38991412388087,0.05142054300416599,10.414514541625977
300,fen_subtractive,9,90.45313356477251,0.04631930284879424,10.46853139183738
300,fen_subtractive,10,92.6959619952494,0.042155960066752,10.524846510453658
300,fen_subtractive,11,92.8467019915951,0.03811771117828109,10.510231538252397
300,fen_subtractive,12,92.6731226018637,0.04344759627499364,10.585609739476984
300,fen_subtractive,13,93.46793349168647,0.038166087459434166,10.598783189600164
300,fen_subtractive,14,93.27608258724648,0.03671535493975336,10.624492298473012
300,fen_subtractive,15,93.76941348437785,0.034380119971253655,10.676160769029098
300,fen_rotational,1,90.91448931116389,0.3622285710139708,6.882556395097212
300,fen_rotational,2,92.5452219989037,0.2977971949360587,8.234730113636363
300,fen_rotational,3,94.09373287045496,0.25401890074664896,8.80295939878984
300,fen_rotational,4,94.95249406175772,0.22187154740095139,9.181654539975254
300,fen_rotational,5,95.06212315000914,0.21372182193127545,9.418525262312455
300,fen_rotational,6,95.71989767951763,0.20197782733223654,9.633166096427225
300,fen_rotational,7,95.8249588890919,0.1849278204820373,9.723802436481822
300,fen_rotational,8,96.13100676046045,0.18069423667409204,9.763946836644953
300,fen_rotational,9,96.20866069797187,0.17185896635055542,9.87749264457009
300,fen_rotational,10,96.37767220902613,0.16609733958135953,9.911336942152543
300,fen_rotational,11,96.54211584140326,0.16106240180405704,9.98165139285001
300,fen_rotational,12,96.79334916864607,0.1597004925662821,10.012505964799361
300,fen_rotational,13,96.8161885620318,0.1550600521943786,10.046973531896418
300,fen_rotational,14,96.52841220537182,0.1518857106566429,10.03538990020752
300,fen_rotational,15,96.61063402156039,0.15045626055110584,10.05432904850353
300,lstm,1,82.76082587246482,0.0,3.50739003311504
300,lstm,2,82.82934405262196,0.0,3.234459801153703
300,lstm,3,82.79736890188197,0.0,3.2812535654414785
300,lstm,4,82.67403617759912,0.0,3.2373168251731177
300,lstm,5,82.82934405262196,0.0,3.0336257110942495
300,lstm,6,82.88872647542482,0.0,3.0724745013497095
300,lstm,7,82.81107253791339,0.0,4.057828242128545
300,lstm,8,86.25525306047871,0.0,3.9410810578953135
300,lstm,9,88.73104330348986,0.0,4.199451121416959
300,lstm,10,90.83226749497534,0.0,4.27628907290372
300,lstm,11,92.32596382240088,0.0,4.314465175975453
300,lstm,12,93.21213228576649,0.0,4.274755933068016
300,lstm,13,93.28065046592361,0.0,4.302082365209406
300,lstm,14,93.52274803581217,0.0,4.35851881720803
300,lstm,15,94.37237346976065,0.0,4.335602521896362
400,fen_subtractive,1,82.11218710031062,0.20888833362947812,8.092338215221059
400,fen_subtractive,2,86.04513064133018,0.1265356516973539,9.350038831884211
400,fen_subtractive,3,87.58907363420427,0.10086908970366824,9.80104450746016
400,fen_subtractive,4,84.75242097569888,0.09025886417789893,10.02883039821278
400,fen_subtractive,5,91.1839941531153,0.07065397975119678,10.174863771958785
400,fen_subtractive,6,90.72263840672392,0.06296620196239515,10.240605571053244
400,fen_subtractive,7,93.00200986661794,0.056731033054265106,10.38900917226618
400,fen_subtractive,8,92.18892746208661,0.0636510376564481,10.384152282368053
400,fen_subtractive,9,92.91978805042939,0.0498079965737733,10.50986350666393
400,fen_subtractive,10,94.08916499177782,0.04789387553252957,10.522763035514139
400,fen_subtractive,11,94.81545770144345,0.044793161817572334,10.507148612629283
400,fen_subtractive,12,94.9387904257263,0.044928408143195236,10.517534646120938
400,fen_subtractive,13,94.65101406906633,0.0461854755201123,10.581376335837625
400,fen_subtractive,14,94.5733601315549,0.043179494752125305,10.520116415890781
400,fen_subtractive,15,94.52311346610635,0.05038397589867765,10.225561098618941
400,fen_rotational,1,91.7458432304038,0.2992104562846097,7.800809426741167
400,fen_rotational,2,93.69175954686644,0.24153762310743332,8.727404854514383
400,fen_rotational,3,94.75150739996346,0.21670733324506067,9.136208750984885
400,fen_rotational,4,95.07125890736341,0.19832611896774985,9.41767168045044
400,fen_rotational,5,95.45039283756623,0.18145313452590595,9.611230850219727
400,fen_rotational,6,95.93458797734333,0.16930881616744128,9.719966801730068
400,fen_rotational,7,95.95742737072904,0.16555494476448407,9.818921826102518
400,fen_rotational,8,96.22693221268042,0.1581705632534894,9.878099744970148
400,fen_rotational,9,95.6513794993605,0.15217319943688132,9.98683430931785
400,fen_rotational,10,96.27717887812899,0.14888093349608508,10.016620722683994
400,fen_rotational,11,96.66088068700896,0.14636085656556216,10.0340914292769
400,fen_rotational,12,96.61063402156039,0.14397421750155362,10.051597898656672
400,fen_rotational,13,96.33656130093185,0.1421458680521358,10.059573390267111
400,fen_rotational,14,96.19038918326329,0.14423355731097134,10.089886448600076
400,fen_rotational,15,96.52841220537182,0.14233934540640225,10.094035798853094
400,lstm,1,82.76082587246482,0.0,4.612755146893588
400,lstm,2,82.76082587246482,0.0,4.558636166832664
400,lstm,3,82.76082587246482,0.0,4.731958931142634
400,lstm,4,82.81564041659053,0.0,4.614973696795377
400,lstm,5,82.75169011511055,0.0,4.361391197551381
400,lstm,6,82.83847980997625,0.0,4.14499568939209
400,lstm,7,82.77452950849626,0.0,4.284110047600486
400,lstm,8,83.50539009683902,0.0,4.199534936384722
400,lstm,9,86.35574639137585,0.0,4.6230879046700215
400,lstm,10,89.8364699433583,0.0,4.545806321230802
400,lstm,11,91.5402886899324,0.0,4.5607238899577744
400,lstm,12,92.77361593276082,0.0,4.450470339168202
400,lstm,13,93.07966380412937,0.0,4.504263097589666
400,lstm,14,93.28978622327791,0.0,4.469715877012773
400,lstm,15,94.25817650283209,0.0,4.435725645585493


