seed,mode,depth,epoch,val_loss,val_acc
100,plain_cnn,12,1,4.237748789787292,7.07
100,plain_cnn,12,2,3.77285031080246,13.44
100,plain_cnn,12,3,3.5557136058807375,18.95
100,plain_cnn,12,4,3.477772390842438,21.709999999999997
100,plain_cnn,12,5,3.320952570438385,26.41
100,plain_cnn,12,6,3.039188730716705,31.96
100,plain_cnn,12,7,2.692444324493408,40.300000000000004
100,plain_cnn,12,8,2.549326241016388,44.91
100,plain_cnn,12,9,2.436178112030029,48.59
100,plain_cnn,12,10,2.423975574970245,49.24
100,plain_cnn,12,11,2.369752252101898,51.17
100,plain_cnn,12,12,2.3512049436569216,51.949999999999996
100,plain_cnn,12,13,2.2910505175590514,54.120000000000005
100,plain_cnn,12,14,2.103285276889801,58.79
100,plain_cnn,12,15,2.1305549263954164,57.830000000000005
100,plain_cnn,12,16,2.076407527923584,60.69
100,plain_cnn,12,17,2.0687072336673737,60.18
100,plain_cnn,12,18,2.019391292333603,62.07
100,plain_cnn,12,19,1.9910934090614318,62.61
100,plain_cnn,12,20,2.01650208234787,62.77
100,plain_cnn,12,21,1.9562523126602174,64.46
100,plain_cnn,12,22,1.9361845314502717,64.61
100,plain_cnn,12,23,1.9205538153648376,65.34
100,plain_cnn,12,24,1.8920194447040557,66.52
100,plain_cnn,12,25,1.9124686121940613,66.2
100,plain_cnn,12,26,1.9070314764976501,66.5
100,plain_cnn,12,27,1.8706600844860077,67.9
100,plain_cnn,12,28,1.8493571996688842,68.54
100,plain_cnn,12,29,1.8824341595172882,68.03
100,plain_cnn,12,30,1.8288923919200897,69.52000000000001
100,plain_cnn,12,31,1.8935998380184174,66.75999999999999
100,plain_cnn,12,32,1.8191492140293122,69.74000000000001
100,plain_cnn,12,33,1.8125339150428772,69.99
100,plain_cnn,12,34,1.80837225317955,70.47
100,plain_cnn,12,35,1.813970333337784,70.67999999999999
100,plain_cnn,12,36,1.8029543995857238,70.63000000000001
100,plain_cnn,12,37,1.8074608623981476,70.57
100,plain_cnn,12,38,1.7918791353702546,71.04
100,plain_cnn,12,39,1.7869430422782897,71.03
100,plain_cnn,12,40,1.783303153514862,71.35000000000001
100,plain_cnn,12,41,1.787403666973114,71.15
100,plain_cnn,12,42,1.7877474963665008,71.32
100,plain_cnn,12,43,1.7904299914836883,71.3
100,plain_cnn,12,44,1.7826351702213288,71.6
100,plain_cnn,12,45,1.7821153402328491,71.73
100,plain_cnn,12,46,1.7820641636848449,71.48
100,plain_cnn,12,47,1.7795304536819458,71.83
100,plain_cnn,12,48,1.781152641773224,71.54
100,plain_cnn,12,49,1.7811187744140624,71.67999999999999
100,plain_cnn,12,50,1.7806881964206696,71.66
100,resnet_baseline,12,1,4.143599438667297,9.950000000000001
100,resnet_baseline,12,2,3.656349813938141,19.040000000000003
100,resnet_baseline,12,3,3.344562125205994,26.39
100,resnet_baseline,12,4,3.1861770033836363,30.580000000000002
100,resnet_baseline,12,5,3.2118765473365785,31.61
100,resnet_baseline,12,6,2.9760350227355956,36.68
100,resnet_baseline,12,7,2.8867299437522886,38.690000000000005
100,resnet_baseline,12,8,2.7250356316566466,44.84
100,resnet_baseline,12,9,2.830459725856781,43.5
100,resnet_baseline,12,10,2.8408383965492248,44.72
100,resnet_baseline,12,11,2.85025931596756,45.46
100,resnet_baseline,12,12,2.994432878494263,42.44
100,resnet_baseline,12,13,2.772703504562378,46.089999999999996
100,resnet_baseline,12,14,2.569595515727997,49.419999999999995
100,resnet_baseline,12,15,2.5387284994125365,50.03999999999999
100,resnet_baseline,12,16,2.71916526556015,49.84
100,resnet_baseline,12,17,2.586298072338104,50.54
100,resnet_baseline,12,18,2.569000267982483,51.38
100,resnet_baseline,12,19,2.6591801047325134,51.7
100,resnet_baseline,12,20,2.516225302219391,51.980000000000004
100,resnet_baseline,12,21,2.932904601097107,50.22
100,resnet_baseline,12,22,2.691097891330719,51.05
100,resnet_baseline,12,23,2.7182406425476073,52.62
100,resnet_baseline,12,24,2.437013494968414,55.60000000000001
100,resnet_baseline,12,25,2.3289854288101197,57.9
100,resnet_baseline,12,26,2.2715893387794495,59.019999999999996
100,resnet_baseline,12,27,2.4347613930702208,57.26
100,resnet_baseline,12,28,2.2296169996261597,60.089999999999996
100,resnet_baseline,12,29,2.2823834896087645,58.3
100,resnet_baseline,12,30,2.2828043580055235,60.61
100,resnet_baseline,12,31,2.1426609992980956,61.75000000000001
100,resnet_baseline,12,32,2.199855017662048,60.89
100,resnet_baseline,12,33,2.1972150206565857,61.529999999999994
100,resnet_baseline,12,34,2.1215022921562197,64.94
100,resnet_baseline,12,35,2.1206959009170534,65.03
100,resnet_baseline,12,36,2.034697085618973,66.02
100,resnet_baseline,12,37,1.982486355304718,66.92
100,resnet_baseline,12,38,1.9624321103096007,67.57
100,resnet_baseline,12,39,1.9592068374156952,67.4
100,resnet_baseline,12,40,1.9360475182533263,68.33
100,resnet_baseline,12,41,1.9090831577777863,68.67999999999999
100,resnet_baseline,12,42,1.914675521850586,68.85
100,resnet_baseline,12,43,1.8936722040176392,69.57
100,resnet_baseline,12,44,1.8753350496292114,69.67999999999999
100,resnet_baseline,12,45,1.877423769235611,69.52000000000001
100,resnet_baseline,12,46,1.8742478251457215,69.89
100,resnet_baseline,12,47,1.8642663359642029,69.89999999999999
100,resnet_baseline,12,48,1.8623180150985719,70.02000000000001
100,resnet_baseline,12,49,1.8623188376426696,70.06
100,resnet_baseline,12,50,1.8630283713340758,70.09
100,fen_spatial,12,1,3.964207112789154,11.76
100,fen_spatial,12,2,3.4188403844833375,23.93
100,fen_spatial,12,3,2.9425407528877257,35.25
100,fen_spatial,12,4,2.6417616844177245,44.04
100,fen_spatial,12,5,2.4244353771209717,50.2
100,fen_spatial,12,6,2.35091347694397,53.36
100,fen_spatial,12,7,2.159877049922943,58.03
100,fen_spatial,12,8,2.1393396258354187,58.91
100,fen_spatial,12,9,2.0936528623104094,60.69
100,fen_spatial,12,10,1.9960253536701202,63.580000000000005
100,fen_spatial,12,11,2.016472816467285,62.81
100,fen_spatial,12,12,1.9373177230358123,66.34
100,fen_spatial,12,13,1.95874382853508,65.93
100,fen_spatial,12,14,1.9546655774116517,65.88000000000001
100,fen_spatial,12,15,1.861045891046524,68.34
100,fen_spatial,12,16,1.9063482344150544,68.08
100,fen_spatial,12,17,1.898894065618515,68.04
100,fen_spatial,12,18,1.8907701969146729,67.82000000000001
100,fen_spatial,12,19,1.8986331343650817,68.19
100,fen_spatial,12,20,1.8696527123451232,68.5
100,fen_spatial,12,21,1.877771544456482,68.82000000000001
100,fen_spatial,12,22,1.862553596496582,69.76
100,fen_spatial,12,23,1.8623611211776734,69.63000000000001
100,fen_spatial,12,24,1.8382140338420867,70.16
100,fen_spatial,12,25,1.842912358045578,70.16
100,fen_spatial,12,26,1.8517217874526977,70.28
100,fen_spatial,12,27,1.82417830824852,70.61
100,fen_spatial,12,28,1.8225773215293883,70.94
100,fen_spatial,12,29,1.8015056312084199,71.46000000000001
100,fen_spatial,12,30,1.8131165206432343,71.05
100,fen_spatial,12,31,1.8183496356010438,71.09
100,fen_spatial,12,32,1.811788523197174,71.21
100,fen_spatial,12,33,1.8038315773010254,71.63000000000001
100,fen_spatial,12,34,1.7963379442691803,71.69
100,fen_spatial,12,35,1.7981940627098083,71.73
100,fen_spatial,12,36,1.798103964328766,71.69
100,fen_spatial,12,37,1.7951820075511933,71.88
100,fen_spatial,12,38,1.7993250370025635,71.92
100,fen_spatial,12,39,1.795761227607727,71.88
100,fen_spatial,12,40,1.7953137934207917,71.81
100,fen_spatial,12,41,1.7981954336166381,71.67
100,fen_spatial,12,42,1.795348459482193,71.8
100,fen_spatial,12,43,1.795267504453659,72.02
100,fen_spatial,12,44,1.7975069224834441,71.85000000000001
100,fen_spatial,12,45,1.796872466802597,72.07000000000001
100,fen_spatial,12,46,1.7958983659744263,72.13000000000001
100,fen_spatial,12,47,1.7960283279418945,72.07000000000001
100,fen_spatial,12,48,1.795126885175705,72.11999999999999
100,fen_spatial,12,49,1.7960039675235748,72.09
100,fen_spatial,12,50,1.7974612176418305,71.97
100,fen_global,12,1,3.985601079463959,12.07
100,fen_global,12,2,3.413784456253052,23.31
100,fen_global,12,3,3.0754937529563904,33.07
100,fen_global,12,4,2.6548195004463198,44.22
100,fen_global,12,5,2.46572105884552,50.01
100,fen_global,12,6,2.3646738290786744,52.800000000000004
100,fen_global,12,7,2.2569403409957887,55.84
100,fen_global,12,8,2.1681787729263307,58.56
100,fen_global,12,9,2.1096131920814516,60.050000000000004
100,fen_global,12,10,2.096065437793732,60.78
100,fen_global,12,11,2.0178529918193817,63.29
100,fen_global,12,12,1.9860206246376038,64.42
100,fen_global,12,13,2.0231505036354065,64.22
100,fen_global,12,14,1.9808674097061156,64.9
100,fen_global,12,15,2.0276688396930695,64.07000000000001
100,fen_global,12,16,1.9671558678150176,66.39
100,fen_global,12,17,1.9515431880950929,66.71000000000001
100,fen_global,12,18,1.9405462622642518,67.04
100,fen_global,12,19,1.9072817087173461,68.04
100,fen_global,12,20,1.90798277258873,68.36
100,fen_global,12,21,1.9084993302822113,68.10000000000001
100,fen_global,12,22,1.9106955111026764,68.88
100,fen_global,12,23,1.923309475183487,68.32000000000001
100,fen_global,12,24,1.9021845936775208,69.07
100,fen_global,12,25,1.8758939623832702,69.24
100,fen_global,12,26,1.861523050069809,69.48
100,fen_global,12,27,1.861006635427475,69.51
100,fen_global,12,28,1.8567867159843445,70.13000000000001
100,fen_global,12,29,1.852067768573761,69.96
100,fen_global,12,30,1.8370935261249541,70.08
100,fen_global,12,31,1.840281617641449,70.49
100,fen_global,12,32,1.842603212594986,70.55
100,fen_global,12,33,1.8344185113906861,70.57
100,fen_global,12,34,1.8354021966457368,70.59
100,fen_global,12,35,1.8346506834030152,70.89999999999999
100,fen_global,12,36,1.8326751232147216,70.74000000000001
100,fen_global,12,37,1.8382359206676484,70.94
100,fen_global,12,38,1.8311160922050476,70.95
100,fen_global,12,39,1.8307263135910035,71.14
100,fen_global,12,40,1.8359777987003327,70.95
100,fen_global,12,41,1.83670654296875,70.92
100,fen_global,12,42,1.834040880203247,71.04
100,fen_global,12,43,1.836700254678726,70.91
100,fen_global,12,44,1.837193888425827,71.22
100,fen_global,12,45,1.8377768516540527,71.08
100,fen_global,12,46,1.835652047395706,71.16
100,fen_global,12,47,1.839110791683197,71.03
100,fen_global,12,48,1.8398503720760346,70.89999999999999
100,fen_global,12,49,1.8380629897117615,71.17
100,fen_global,12,50,1.8389099895954133,71.05
